Atax: .096768
Jacobi: 45.766067
Lu: 132.382655



