Atax: .087515
Jacobi: 43.863686
Lu: 131.281501



